Matriz gerada!
52;741;655;457;255
724;240;593;73;213
227;298;525;987;885
881;624;696;451;666
271;993;795;910;650

Matriz com a linha removida!
52;741;655;457;255
724;240;593;73;213
227;298;525;987;885
271;993;795;910;650

Matriz com Coluna Removida!
52;655;457;255
724;593;73;213
227;525;987;885
271;795;910;650

Matriz com linha inserida!
52;655;457;255
620;799;345;396
724;593;73;213
227;525;987;885
271;795;910;650

Matriz com Coluna Inserida!
52;655;457;944;255
620;799;345;302;396
724;593;73;800;213
227;525;987;37;885
271;795;910;309;650

Elemento alterado na posição [3][3]. Novo valor: 0

Matriz atualizada:
52	655	457	944	255	
620	799	345	302	396	
724	593	73	800	213	
227	525	987	0	885	
271	795	910	309	650	

Soma maxima: 1897
